1 30.0 6.0 42
2 29.099999999999998 4.0 36
3 28.226999999999997 4.0 43
4 27.380189999999995 4.0 43
5 26.558784299999996 4.0 43
6 25.762020770999996 3.0 45
7 24.989160147869995 3.0 40
8 24.239485343433895 2.0 39
9 23.51230078313088 2.0 37
10 22.806931759636953 2.0 38
11 22.122723806847844 2.0 39
12 21.45904209264241 2.0 41
13 20.815270829863138 2.0 43
14 20.190812704967243 2.0 42
15 19.585088323818226 2.0 33
16 18.99753567410368 2.0 47
17 18.42760960388057 2.0 35
18 17.874781315764153 2.0 38
19 17.338537876291227 2.0 37
20 16.81838174000249 2.0 34
21 16.313830287802414 2.0 37
22 15.824415379168341 2.0 37
23 15.34968291779329 2.0 41
24 14.889192430259492 2.0 39
25 14.442516657351707 2.0 37
26 14.009241157631156 2.0 35
27 13.58896392290222 2.0 39
28 13.181295005215153 2.0 35
29 12.785856155058699 2.0 39
30 12.402280470406938 2.0 39
31 12.03021205629473 2.0 40
32 11.669305694605887 2.0 37
33 11.31922652376771 2.0 30
34 10.979649728054678 2.0 37
35 10.650260236213038 2.0 30
36 10.330752429126646 2.0 31
37 10.020829856252846 2.0 37
38 9.72020496056526 2.0 40
39 9.428598811748302 2.0 35
40 9.145740847395853 2.0 34
41 8.871368621973977 2.0 32
42 8.605227563314758 2.0 31
43 8.347070736415315 2.0 35
44 8.096658614322855 2.0 36
45 7.85375885589317 2.0 38
46 7.618146090216374 2.0 37
47 7.3896017075098825 2.0 30
48 7.167913656284586 2.0 31
49 6.952876246596048 2.0 30
50 6.744289959198166 2.0 31
51 6.541961260422221 2.0 28
52 6.345702422609555 2.0 25
53 6.155331349931267 2.0 23
54 5.970671409433329 2.0 25
55 5.7915512671503295 2.0 24
56 5.61780472913582 2.0 20
57 5.449270587261745 2.0 24
58 5.2857924696438925 2.0 26
59 5.127218695554576 2.0 31
60 4.973402134687938 2.0 31
61 4.8242000706473 2.0 24
62 4.679474068527881 2.0 28
63 4.539089846472044 2.0 29
64 4.402917151077883 2.0 29
65 4.270829636545546 2.0 21
66 4.142704747449179 2.0 26
67 4.018423605025704 2.0 20
68 3.8978708968749323 2.0 17
69 3.780934769968684 2.0 12
70 3.6675067268696235 2.0 19
71 3.5574815250635345 2.0 22
72 3.4507570793116282 2.0 18
73 3.3472343669322795 2.0 24
74 3.246817335924311 2.0 17
75 3.1494128158465817 2.0 24
76 3.0549304313711843 2.0 23
77 2.9632825184300486 2.0 14
78 2.874384042877147 2.0 17
79 2.788152521590833 2.0 23
80 2.704507945943108 2.0 20
81 2.6233727075648146 2.0 11
82 2.54467152633787 2.0 17
83 2.468331380547734 2.0 13
84 2.394281439131302 2.0 6
85 2.3224529959573625 2.0 16
86 2.2527794060786417 2.0 0
87 2.185196023896282 2.0 6
88 2.1196401431793936 2.0 11
89 2.056050938884012 2.0 9
90 1.9943694107174914 2.0 14
91 1.9345383283959665 2.0 9
92 1.8765021785440874 2.0 6
93 1.8202071131877646 2.0 4
94 1.7656008997921315 2.0 3
95 1.7126328727983675 2.0 2
96 1.6612538866144164 2.0 8
97 1.611416270015984 2.0 11
98 1.5630737819155045 2.0 5
99 1.5161815684580393 2.0 3
100 1.4706961214042982 2.0 0
101 1.4265752377621692 2.0 1
102 1.383777980629304 2.0 2
103 1.3422646412104249 2.0 9
104 1.301996701974112 2.0 2
105 1.2629368009148887 2.0 6
106 1.225048696887442 2.0 1
107 1.1882972359808186 2.0 5
108 1.152648318901394 2.0 3
109 1.1180688693343521 2.0 4
110 1.0845268032543216 2.0 2
111 1.051990999156692 2.0 0
112 1.0204312691819912 2.0 0
113 0.9898183311065315 2.0 0
114 0.9601237811733355 2.0 0
115 0.9313200677381355 2.0 6
116 0.9033804657059914 2.0 4
117 0.8762790517348117 2.0 1
118 0.8499906801827674 2.0 2
119 0.8244909597772843 2.0 0
120 0.7997562309839658 2.0 0
121 0.7757635440544468 2.0 0
122 0.7524906377328133 2.0 0
123 0.7299159186008289 2.0 5
124 0.7080184410428041 2.0 0
125 0.6867778878115199 2.0 1
126 0.6661745511771743 2.0 0
127 0.646189314641859 2.0 1
128 0.6268036352026032 2.0 2
129 0.6079995261465251 2.0 0
130 0.5897595403621293 2.0 0
131 0.5720667541512654 2.0 0
132 0.5549047515267275 2.0 0
133 0.5382576089809257 2.0 0
134 0.5221098807114979 2.0 0
135 0.506446584290153 2.0 0
